11 9 9 10 10 10 10 10 10 
11 9 9 9 9 11 10 10 10 
12 10 8 9 9 11 10 10 10 
12 10 8 8 8 12 10 10 10 
13 9 7 8 8 12 10 10 10 
13 9 7 7 9 13 10 10 10 
13 9 7 7 9 13 9 9 11 
12 10 6 7 9 13 9 9 11 
12 10 6 7 9 13 8 8 12 
13 9 5 7 9 13 8 8 12 
13 9 5 6 8 14 8 8 12 
12 10 4 6 8 14 8 8 12 
12 10 4 6 8 14 7 7 13 
13 9 3 6 8 14 7 7 13 
13 9 3 5 7 15 7 7 13 
14 8 2 5 7 15 7 7 13 
14 8 2 4 6 16 7 7 13 
15 9 1 4 6 16 7 7 13 
15 9 1 3 5 17 7 7 13 
16 8 1 3 5 17 7 7 13 
16 8 1 2 6 16 7 7 13 
16 8 1 2 6 16 6 8 12 
16 8 1 2 6 16 5 7 13 
17 7 1 2 6 16 5 7 13 
17 7 1 1 5 17 5 7 13 
16 8 1 1 5 17 5 7 13 
16 8 1 1 5 17 4 6 14 
15 9 1 1 5 17 4 6 14 
15 9 1 1 5 17 3 7 15 
15 9 1 1 5 17 2 6 16 
16 8 1 1 5 17 2 6 16 
16 8 1 1 4 18 2 6 16 
17 7 1 1 4 18 2 6 16 
17 7 1 1 3 19 2 6 16 
18 6 1 1 3 19 2 6 16 
18 6 1 1 2 20 2 6 16 
19 5 1 1 2 20 2 6 16 
19 5 1 1 1 21 2 6 16 
20 4 1 1 1 21 2 6 16 
20 4 1 1 1 22 2 6 16 
21 3 1 1 1 22 2 6 16 
21 3 1 1 1 23 2 6 16 
22 2 1 1 1 23 2 6 16 
22 2 1 1 2 24 2 6 16 
22 2 1 1 2 24 1 7 17 
22 2 1 1 2 24 2 6 16 
22 2 1 1 1 25 2 6 16 
23 1 1 1 1 25 2 6 16 
23 1 1 1 1 26 2 6 16 
24 1 1 1 1 26 2 6 16 
24 1 1 1 1 27 2 6 16 
25 1 1 1 1 27 2 6 16 
25 1 1 1 2 26 2 6 16 
25 1 1 1 2 26 1 5 17 
26 1 1 1 2 26 1 5 17 
26 1 1 1 1 27 1 5 17 
27 1 1 1 1 27 1 5 17 
27 1 1 1 1 28 1 5 17 
28 1 1 1 1 28 1 5 17 
28 1 1 1 1 29 1 5 17 
29 1 1 1 1 29 1 5 17 
29 1 1 1 1 30 1 5 17 
30 1 1 1 1 30 1 5 17 
30 1 1 1 1 31 1 5 17 
31 1 1 1 1 31 1 5 17 
31 1 1 1 1 32 1 5 17 
32 1 1 1 1 32 1 5 17 
32 1 1 1 1 33 1 5 17 
33 1 1 1 1 33 1 5 17 
33 1 1 1 1 34 1 5 17 
34 1 1 1 1 34 1 5 17 
34 1 1 1 1 35 1 5 17 
35 1 1 1 1 35 1 5 17 
35 1 1 1 2 34 1 5 17 
35 1 1 1 2 34 1 6 18 
35 1 1 1 2 34 1 5 19 
36 1 1 1 2 34 1 5 19 
